111111111111111101110111101001110111111111111111111101111110111111111111111111111111011110101111101010111010111111111111111111111111111111111111011111111111111111111111111111111111011101111111111111
111111111111111111011101110111011101111111111111111111111101011111011111111111111101111101011111010011111110111111010111111111111111111111111101011111111111111111101111011001100110110111011111111111
111111111111111111110111111101110111111111111111111111111110111111111110111111111111111010101110101111111010111100101111111111111111111111111111111111111111111111111111111111111111111101110111111111
111101111111011111111101111111011101111111111111111111010101110111111101110111010101110101011101000110011101100110011111111111111111111111110111110110011111110111110111111111111111011110011011111101
111111111111011111110111011101110111111111111111111110111111101111111011111110111111101110101011101110111110101110001011111111111111111111101011111111111111011111111111111111111111111111111111111111
111111111101110111111101110111111101011101011111111101111111011011110111111101111111011111010010011101111100011001001111111111111111111101010110011001101101110111111111111111111111111111100110011111
111111110111011101111111011101110110111010101111111111101111111011111111111111101111101010000110101011111110111011111110111111111111111010110111111111110111011111111111111111111111111111111111111111
011111111101111111011101110111111101011101011101111111011111100111111001111111011111010111110001111100010001100100111001010111110111110111011001100110011101110101111111011111010001111101111001111111
111111110111011101111111011101111010101110101011101010101010101110101011101010101010101010101010101010101010101110101011111010111111111111110111111111111110101111111111111010101011111111111111111111
111111111101111111011101110111111100010011001100111101010101011101010111010101010101011101010101010101010100011001000110110001111111011111011110011001110101011101010111111101110110011111111110011111
111111111111111111101111011101101010101011101110101111101011101110111110101010101010111010101010101010100000000000000010111011111110111010101111111111111010111010101110101011101011111111111111111111
111101011101010101010101010101110101000100110111110101110111011101110101010111010101110101010101010101010001100000000000011110111101110101011101100110011101110100011101010111000001111111110001111101
111111111111101011111110101010111110101011111011111101001111000011110000111100011111000011110000111100000000000011000000111011111010101110101011111111111010101110001011100000111010111111111111111111
110111111111010111110101110001011101000011111110111110001111000000000000011100101111000011110001111100000000000000000000110111111100011001000110011001100100011001000110010001100100111111111110011111
111011111111101011101000111010111010100011110000111100000000000000000000000000000000000000000011110000000000000000000000111111110010111010101110111111111010111000101110101001101010111111111111111111
010101111111000111010001001100010111000111110000111110000000000000000000000000000000000000000111110000000000000000000000011111110001100100011001000110010001100100011001000110010001111101111001111111
111010111010101010101010101111101010101010101011100000010011100000001111111110000000000000000111110000111111100000001000000000001010101110101011101010111010101110101001100000011010101111110000111111
111101111100010001000100010001000111010101010110010000001111110000111111111110011111111000000111100000111111111110001000000001100100011001000110010001100100011001000000000000100100011001010000011111
111010110000000000101010101010101011101010010100000000011100111001000001100000011111111000000111100000111111111110010000000011100010111010101110101011101010111000000000001110000010111010100111101111
111101010000000000010001000100100001000100111000000000111000111000000001100000011111111000000111100000000001000000010000000111100000000100010001000100010001000100000000011110000001100101011011010101
111010000001111110000010000001000000010001000000000001111000011000000001100000111000000000000111100000000011000000010000011111000000000010101010101010101010101000000000011110000010001111111000110111
110000000111111111000000000010001000100010000000000001111000000000000001100000110000000000000111100000000011000000100000000010100000000001000100010001000100010000000000110110000100011011110000110101
111001001111000011110000000000000000000000000000000001111000000000000001100000110000000000000111100000000011000000110000000110100000000000001000000000000010101000000001110111000010101011111100001111
011110001111000001111000000000000000000000000000000001111000000000000001100000110000000000000111100000000111000000110000000110100000000000000001000000000000000000000001100011000000000111110001100111
111000001111000000011000000000000000000000000000011001111000000000000011100000111111111000001111100000001110000001110000000110000001111000000000100000000000000000000011100011000000000010111011101111
111101110111000000011100000000000000000000001100011101111000000000000011100001111111111000111111100000001100000001100000000111000011111110000000000000100000000000000111000111000000000001010101011001
111001100111100000001110000000000000000000011100100100111000000000000011100001101111111000111111100000001100000011110000000111000011111101000010000000000000000000000110011100000000000000101011101111
011110010111101000001110000000000001000000011000110110111100000111000011100001100000000000000111100000001100000011001000001111000011000000000000000001111000000000001111111111110001110000010111010111
111001111011100001001110000011100001000110011001110110111110000111000000000001100000000000000111100000001100000111001000001111000000111100000000100000111000110000101111111101111011111100000000111111
111010100111100010011110111100110000100111011001110110011111001111000011100000000000000000000111100000010000000110001000001110000000111110000000000000011001110001000000111111111011011110000000111101
101101001011100000011110111000111000101111011000110110010001111111000001100001100000000000000111100000011000000110001000001110000000000111000000000000011001110011000000001110000111000110000100111111
010110000001100000011101111000011000011111111000111110001110001110000000000001000000100000000111100000011000001110010000000000000001100111000000000000001011110011000000001100000111110000000101111110
111000011011100000111101111000011000011101110000000110000111110000000000000000000000000000000111110000000000001100010001111111110001111111000000000000001011111110000000001110000011111000000001101111
011100100101110000111101110000111100001000110000000110000011110000000000000000000000000000000111110000000000001100010001111111110000111110000001111100001100011110000000001110000000011100000000001101
111011001010110001111001110000111110000000000000000110000000000000000000000000000000000100000111111100000000000000000000000000000000000000011111111100001100011100000000001110000000011100000000000111
110110000000110111111001111111111111000000000000001110000000000000011011000000000000100000000111111100000000000000000000000000000000000001011111111110000000011000000000010110000110011000000000000110
111010011010111111110001111111101111000000000000001100000000000001000000010000000000000011000111111100100000000000000000010000000000000000000000000010000000000000000000011000000111111000001111111111
111001100100000000100000000000000111000000000011101000000100100010000000000000001100000011000000001011000000000000010000001100000000000000000000000000100000000000000000011100000011110001111111111001
111011000010111110000000111100000000000000000011110000000010000000000000000001000000010000000000000110000000000001100000000010001111000010000000000000000000000000000000000000000000000001111000000111
011110000001111000000000000000000000000000000001111000000001100000000000000000000000010110000000000000000000000010001100100001011001000000000000100000000000000000010000000000000000000000000000000110
111010111000010000000000000000000000000000000000111000000000000000000000000000000000000110000000000000000000000110000001101100011011000100000001000000000000000010101010101010101010100010101010000111
111001100100010000000000000001100000000000000000000000000100001000111111000000000000000000000000000000000011000100110000011100000101000000110000000000000000010001000100010001000100010001000100001001
111011101010001000010001000001110000000100000001000000010010010001111111110000100000000000000000000000000000000000000000001000110000000000000000000000000000101011101010101010101010101010101010111111
111110010001100000000010000011110000001000100010001000100001100000000111110000010001000011111110000000100000000000000000000000000000000000000000000000000001000100110111000100010001000100010001001110
111100111010001110000000001111110000010000000100010001000000000000000110000000001100000111111111000000000000000000000000011110000100000000001110100000000010101010101111111111111110101010101010111111
111111100100001001000000001111110000000000000000100000000000000000001110000000000000000110000011100000000000001100000000001000001000000011111111001000000100010001000101111111111111111111110100011001
111111101010110000100100000001110000000000000000000000000000000000001100000000000000000000000011100000000000011100000100001011000000001111111111110100000010101010101010111111111111111111111110111111
011111010001100000011000000011100000000000000000000000011111100000001100000000000000000000000011100000000000011100000100001010000000011111000001111100000001000100010001000011010111111101111111001110
111111111110101110000000000011100001100000000000000000100111000000011000000100000000000000000111000000000000011100000000001010000000111111000000011110000010101010100010101100111111110111111111111111
111111111111110001000010000011100001101111001111100001000011100000011000000000000000000000001111000000000000111000000000000000000000001111000000011110000000010000000100001100111111111111111111110101
111111111111111010100101000011100001110011001111000011000001100000011000000010111111000000111111000000000000111000000001000000010000001110000000111100000000000100001010000000111111111111111111111111
111101111111110100011000000011100001110011011100000101000011100000011000000011111111000111111111000000000000111000000001000000100000001100000000111100100010001000110001000101011111011111110111110100
111111111111101111000000000011100001110011011000000011000011000000011000000011111111000111111111100000011101111000000000110001000100001100000111111100000100010001101010110111001111111111111111111111
011111111111011011000000000011110011100011011111100011000011000000011000000011111000000111111011100000111111111000000000000000001000001101111111111000001000100010000100010000111111111111111111111011
111111111110111000100000111111111011000011001111100011001111000000011000000011110000000000000011110000110111110000000000000000000000001111111111111110000100000000001010100011000011111111111111111111
100111110111100100000000111111111001000111000001110111111110000000011000000011110000000000000011110001110001110000000000000000000000001100000000001110001100000100000001000000010001111101111111011110
111111111110101110100001011111111000000110001001110111111100000000011111000111110000000000000011000001100001110000000000000000000000001100000000001110001110000100000000000000001010101111111111111111
011111111111011001000110000000000000000000001111100111101000001111111111100111100000000000001110100001100001100000000000000000000000001100000000001110001110001100000000010000000000010001111111111111
111111111111111010101010000000000000000000001111100111100000000111111111100111100000000000111001100001000000011000000001000100000000011100000000010110001110001100000000000000000000000010111111111111
111101111111100100011111000000000000000000000000000110000000000000000011100011100000011100001111100001100111111000000000000000000000001110000000001110000111111100000000000000000000000000011011111101
111111111111111110101110100000000000010001000000001110000000000000000100010000000000011111111100000001111111111000011000011111111100010010000000111100000011111100000000000000000000100000111111111111
111111111111111101001110010110001111100011110000001100000000000000001000100010001000011111110000000000111111111000011111111111111100011100001111111100000010110000000000000000000000000000000110011111
111111111111111011111110101100000000000000000000001100000000000000000000000000000000000000000000000000000000000000001111111111111100011111111111111000000111110000011111111000001110000000111111111111
011111110111110100111001011100000000000000000000001100000000000000000000000000000000000000000000000000000000000000000111111000000000000111111111100000001111100000011111111111111111111000011001100101
111111111111111110101011101010100000000000000000001100000000000000000000000000000000000000000000000000000000000000000000000000000000000000111100000000111110000000001111111111111111111000101011111001
111111111111111111000110010101010000000000000000000000000000000000000000000000000000000000000000000000000000000000000000000000000000000000000000000011111000000000000000011100111111100000000000111111
111111111111111111101101101010100110000000000000000000000000000100010001000000000000000000000000000000000000000000000000000000000000000000000000000111100000000001111000000000000000000000101011111111
111111010111011111011001010101000110000111000000000001100000011110100000111111000000011111100000011111110000000011111000000000000000000000000000011110000000000001111111100000000000000000011011100100
111111101010111111101011111110001110000111001011000001100001111111000000111111110000111111110011111111111100000011111100000000000100000000000000111100000011111000000111100000000000000011011000111111
111111110101111111010110111100001100000111000111000001100001111011100001000001110001110011111011111111111100000111011100000011100000000000000001100000000111111000000011100000000000010011000000011001
111111111010111111101110111110001100000111000111000001110011100001100000000000111001110001111000000110111100001110011100000011100000100000000000000000000111111000000011100011000010101000001100001111
111111110111011111111101111100001100000111000111100001110011100001110000000000011011110000111000000111000000011100011100000011100000100000111111100000001111111000000011100011010001000110001101010110
111101111111111110101011101010001100000111000111100001110001100000110000000000111011110000111000000111000000111000011100000011100001000001111111111000001111111000000011100000011010101110110010101111
010111011111110101010111010101001100000111000111110001110001100000110000000001110000110001111000000111000001110000011100000111100011000001100111111100001111110000000011100000000011010100110101010001
011101111111111010101110101010001100000111000111110011110001100000110000000111100000110111111000000111000001111111111100000111100000000000000001111100001111110000000111100000110000101111101010011111
110111011111010111111101000110001100000111000111111011110001100000111001111111110001111111110000000111000001111111111111100111000001001000000000011100001111100000000111100000010001011101110101110110
111101110111001111111111101010001100000111000111011011100001100001111001111111110001111111100000000111000000000111111111100111001101000000000000111100001111000010000111100000101010100011111111111111
110111011111011111111111110001001100000111000111011111100001100001111000000000110001111111100000000111000000000000111011100111001100000000011111111100001100000000000111111100000100000011011111111001
111101110111111111111111101010000111000111000111001111100001100011110000000000110001100111110000000111000000000000111000000111000000100000011111111000001100000000000111111100101110100111011111111111
000111111111011101111111010110000011001111000111000111100001100111110000000000110001100011111000001111000000000000111000000111010000110000011111111100000000000000000111111100010111010111111111011110
111101110111111111111111111010000001111111000111000011100011101111100000000001110000100000011100000011000000000000111000000111011000000000000000111100000000000000000111100000001111111110111111111111
011001011101111111000011111000000110000000001111000011100011111111000001100111100001000000100100001100000000000001111000000111000000000000000000111100000000000000001111000000000111111101011111111111
111111110111101111100011111001000011111100001011000000000101111110000001111111000001100000011000001110000000000000111000000011111111110001100001111000000000001000001111000000100011111111101111111111
100111111101110111110101111111010000000000001100000000000110100000000001000100000000000000000000000000000000000001001000000110111111110000111011111000011100001000001110000010100011011111110111111101
111111110111001011110011111110001100000000000111000000000111110000011000000000000000000000000000000000000000000001110000101111000001110000011111110000111100000000011110000110000011111111111011111111
011111101101110111110010111101101111110000000000000000000000000000011100000000001110000000000000000000000000000000000100010111100100000000100000000000111100000000011110110000000111111111111101111111
111111110111011011110011111111101111110000000000000000000000000000011100001100001111000000001010101010101000000010101010101010101010000000011111000000000000000000111110000000000001111111111111111111
110111011101110111110111111110011111110000011100000100000000000000011100111100011111000010010001000100010001000100010001000100010001000000000000000000000000000001111000100001011000111101111111011111
111111110111011111111011101010111011111110001101100000000000000000011110101010111010101010101010101010111010101010101010101010101010101011100000000000000000010111110100100000011010111111111111011111
111111100101111111111111110001110111111001110010010110100000000001011101010101110111010101000100010001101100010001000100010001000100010011100000000000000000001000001100000000000111111111111111111111
111111111111011111111111111001101011111110100101101111000000001010111110101010111010101110101010101011111010101110101010101010101010101011101000000000000000000011111000000000111111111111111111111111
111101111111111111110111110110010111011101011001101110010001000111110101010101110101111101011011000101110111011110010101010111110101010111110001000000000000000000000000000010111111011111110111101101
111111111111011111111111101010011111101111111011111110111010101011111011111110101101100111111000110111111111111111111000111110001111101111111010101000000000001010110000101110111111111111111111111111
011111111111111111111111110101101111011011110110111101101111010011111100110110101100000111110000110011111111111111110000111111111111010111110100011000000000010011110000100000111111111111111111111011
111111111111111111111111101011110011101011111110111111101111101011111010101011000000110111111100011111111111101111111100111111111111101111111010111010101010110011110000110010111111111111111111111111
011111110111111101111111011101011111100111111001111110011111100111111101110111011000110111110101111101001111111111110101111111111111000111110001111100010000110111111001010000110101111101111101011110
111111111111111111111111111111111111111110101011111010111111111110111111011101111011000110101010101010101010101011111111111111111110101111101010111010101011101110111011111010111111111111111111111111
111111111111111111111111111111100110011111110111110101111111110111111101110111011101001101010101111111010101111111111111111101011111110111110101111101010111010101111101111101011111111111111110111111
111111111111111111111111011111111111111111111111111111111111111111110111011101111010101010101011111111111111111111111111111111111111111111111111111111111010101110111111011101111111011111111111111111
111101111111011111110111111101111111011110111111110111011111011111110111111101111111011101011111111101111111011111110111111101111111010111110111111111011101110111011101111101011111011111110111101101
