THR 220 (13, 120)
000000000000000000000000000000000000000000000000000000000000000000001111111111000000000000000000000000000000000000000000
000000000000000000000000000000000000000000000000000000000000001100000000000001110000000000010000000000000000000000000000
000000000000000000000000000000000000000000000000000000000000000000000000000000000000000000000000001100101001001000000000
000000000000000000000000000000000000000000000000000000000000000000000000000000000000000000000000000000000000001000000000
000000000000000000000000000000000011111111000000000000000000000000000110000000000000000000000000000000000000000000001100
110000000000000000000000000000000100000100000000000000000000000000000000000110000000000000000000000000000000000000001010
000000000000000000000000000000000001000000000000000001100101100110000011000010000011000000000000000000000000000000000000
011000000100000000000000000000000000000010000000000000000000000010001110010100000001001000000000000000000000000000000000
000000100010001000000000000000000000000010011110000111000000000000000000000000001001001000000000000000000000000000000000
000000001000000000000000000000000000000000000000000000000000000000000000000000010000100000000000000000000000000000000000
000000000000000110000010010100000000000000000000000000000000000000000000000010000100000000000000000000000000000000000000
000000000000000000000000001000000000100000110001111100000000000011100000000000000000000000000000000000000000000000000000
000000000000000000000000000000000000000000000111100000000000000000000000000000000000000000000000000000000000000000000000